















1000715
1086839
1116768
1213549
1517637
1517792
1690224
1691639
1836053
1904213
1998129
2307505
2416606
2427489
2433392
2639871
2666517
2882632
2990968
3024165
3293417
3486154
3664938
4058764
4085056
4147124
4202471
4328818
4399371
4439609
4578769
4650048
4682832
4873145
4903958
4946857
4983418
5031403
5062545
5308422
5374849
5417625
5494759
5597638
5615476
5665774
5752416
5844740
6028247
6120056
6464307
6545003
6640146
6737663
6762549
6797924
6898462
7176198
7423199
7790473
7885846
7959715
8018622
8157941
8464066
8561082
8571632
8730225
8872584
8974254
9307321
9368496
9456133
9748056
9824058
9966341
9979477
9981524
10055076
10106083
10279611
10286790
10709303
10731248
10863186
10868845
10931560
11194044
11197459
11260320
11295988
11336871
11342566
11460625
11521268
11660600
11885480
12034959
12223549
12290652
12315465
12358314
12564389
12771636
13017805
13110699
13146630
13151711
13211764
13243394
13247585
13256921
13287174
13296078
13306624
13336670
13352803
13494224
13608495
13631857
13634105
13777657
13894562
13993320
14115758
14120986
14421269
14522785
14607717
14673517
14729888
14972428
15119330
15141478
15208305
15305880
15342952
15604454
15795605
15801043
15951857
15986258
16047582
16442813
16546312
16597262
16848184
16863332
16914508
17024373
17098172
17183372
17207391
17412066
17434334
17686999
17717864
17812841
17849228
17850378
17953555
18003218
18273978
18507340
18681541
18856276
18947897
19204236
19226949
19493312
19555709
19632953
19654248
19687175
19738092
19760421
19821239
19970242
20382932
20748203
20788981
20861654
20916419
21097980
21237204
21295117
21328081
21329235
21355064
21489448
21565449
21812339
21835884
21947058
22001153
22127661
22132245
22233540
22266752
22381926
22421389
22498398
22517054
22610029
22651808
22652918
22670594
22687307
22821579
22946627
23067180
23095190
23131577
23162113
23244095
23353440
23379965
23445567
23523560
23652568
23661575
23677518
23856669
23892551
23903868
24090454
24124903
24483539
24506270
24546851
24682745
24686241
24771668
24826603
24985930
24990201
25139598
25228906
25381316
25626551
25693132
25783681
25906015
26636270
26649636
26700482
26734069
26752994
26756331
26810294
26823348
27126010
27130734
27182636
27203108
27217901
27241651
27262222
27307444
27391350
27447139
27477785
27485376
27568252
27648515
27733014
27977670
27990727
28223730
28228879
28253423
28829471
28862809
28880093
28907642
29137583
29200109
29632971
29665727
29730435
29851328
29884064
29989221
30007875
30044597
30048441
30495836
30563799
30695594
30784049
30805884
31005462
31040475
31060101
31098811
31185285
31345028
31380094
31467196
31515254
31548968
31577700
31613978
31640968
31712952
31742984
31876306
32040485
32097015
32130484
32220593
32264153
32282607
32596868
32817451
32832232
33008371
33104405
33336343
33336695
33339918
33619808
33623892
33813432
33860893
34027128
34030280
34137770
34154852
34192350
34396133
34418809
34549079
34556592
34704869
34719392
34984964
34990748
35017550
35140853
35221545
35269140
35354175
35438923
35533138
35654841
36181403
36396788
36527924
36601129
36625764
36763736
36814761
36894016
36901717
37042979
37047250
37136568
37165243
37200492
37395316
37629445
37651804
37877128
38126257
38201021
38426362
38562342
38565600
38585457
38662058
38789876
38800048
38948186
38949784
38993732
39084935
39113389
39176404
39191223
39244372
39455997
39500452
39695912
39926940
39982525
40138447
40247947
40275223
40284746
40303345
40366648
40500175
40762956
40810010
40938891
41078593
41114210
41321640
41437176
41459327
41512024
41512576
41614278
41824045
42029764
42067301
42743425
